0.4999465397345997
0.5002067361440103
0.5011720937763063
0.500831799012912
0.500311737651644
0.4983745111254635
0.4988768484289798
0.4989594970858702
0.4994751921235092
0.4988294114257833
0.498675634262709
0.4979953541455695
0.49873362274396127
0.49776395266096324
0.4974461805986659
0.496891092836099
0.49731146863746845
0.49758294106164414
0.4984038096089229
0.498557758020773
0.49713020615483344
0.4977572768103379
0.49839356660636497
0.49861607652126283
0.49906583356291156
0.5006471378273718
0.500470584547762
0.5011476235802825
0.5012742929665541
0.5004093213588278
0.5007379028912342
0.5012568390815808
0.5009463454627753
0.5006001606789845
0.5008576206593681
0.49992440272174277
0.4992642522457075
0.5006370789105266
0.4996685413016502
0.4990557385013868
0.4991638427531116
0.49865290743125223
0.4980373177117542
0.4979849065738403
0.4970049693209472
0.49921063663801113
0.4983448277492836
0.4986278273726925
0.4977725457052239
0.4979485977277785
0.49718911375493685
0.4969451597615109
0.4973867524359299
0.4970916421200181
0.49771580669328963
0.49833836350300437
0.4980788612726337
0.49820568493545286
0.49910413116971564
0.49901378681904535
0.4992536891182825
0.49788311520639733
0.4967860066690728
0.4970828213948922
0.4984259018981104
0.49741170549199654
0.4979412828910165
0.49971700158908533
0.4991125764435404
0.4989801024435755
0.49863067961199037
0.49986890520474075
0.49911772488188483
0.499355092389133
0.4991393734251199
0.49885969069148645
0.5002439374437394
0.5010905927408232
0.5012944390174977
0.5026314161736891
0.5016461035872785
0.5014513803339237
0.5000656418371376
0.5000995186393719
0.49882687891449895
0.49771093792822435
0.49734831407591185
0.49745021232939024
0.4981783770734669
0.49725799780569857
0.49697727579499146
0.49717749991521965
0.49760147408242167
0.497715657449139
0.4978634839965829
0.4971029093084241
0.49872619936303914
0.4995538577592088
0.49940083329618173
0.4999007354613568
0.4994912622970037
0.4992299865671423
0.4993830534370043
0.5000264460001796
0.5001235648800665
0.4991392945443569
0.5009345663648009
0.5010926050372738
0.5012512129346638
0.5008199896503638
0.50167290924832
0.501793421312431
0.5023866030564741
0.502132101447914
0.5027198013820349
0.5032452606844187
0.503069231260512
0.5027685597736088
0.5051278827415765
0.5052517616562845
0.5061315919571766
0.507175337769215
0.5063510850806405
0.5048270736339198
0.5041121940962972
0.5027080895973921
0.5016032458174954
0.5005069981870632
0.5008754933041364
0.500004365422374
0.5002503493276542
0.4998331239302679
0.4995632209654207
0.4993751780180065
0.5004743026785066
0.5018311770808124
0.5008946638407944
0.5008101380059321
0.5015116051592031
0.5022031463685338
0.5017999671714444
0.5023543220451423
0.5016205393786428
0.5012455048319271
0.5005970319266898
0.5025532256100717
0.5030785584237352
0.5025776927381509
0.5032681450095438
0.5026720911584635
0.5018380137402747
0.5015577026439192
0.5011379387505462
0.5008947532270303
0.5003498576552403
0.5017000161410774
0.5001459271900984
0.4986733500957523
0.4978556231189756
0.4998018758248275
0.4995894065654458
0.49990855001367346
0.4997857647946234
0.49957124682872495
0.5003827606705119
0.4999044998460188
0.4999794295748958
0.49978035232978024
0.4994552812181985
0.49886666865993523
0.49869864033631506
0.49889804857795395
0.4982232102862802
0.4982144163667753
0.49800690871641445
0.4966511343322317
0.49664178053737396
0.4969581921317976
0.4977570174210016
0.4977010282125845
0.4972058910259689
0.49715941399093877
0.49667862771434435
0.4973000346571082
0.49754428300732945
0.49820662261832
0.4985842819941081
0.49856936496422904
0.4978475696550725
0.4985337225944151
0.4992540740482207
0.49987404442507205
0.4998538391419661
0.5002257135487153
0.49990439908587786
0.5001847636158293
0.49938785323989987
0.4996107077882636
0.4989363956166336
0.49935867177222526
0.49896071669819214
0.4979343014674438
0.4957286511301647
0.4960767496175366
0.49658047210327033
0.49666395085773263
0.4975892078332538
0.4985007127671077
0.4984863585559845
0.49844515419808594
0.49886497741228786
0.49852308488216934
0.49744379674208866
0.4974975227795165
0.49644425082177635
0.49772513987606454
0.49692148666946606
0.4970878259530896
0.49657373107900127
0.4964080157111909
0.4957664855801292
0.494752960198024
0.4954032310416484
0.49594195724719936
0.4966485885101675
0.49656389233402587
0.49705687538123483
0.4978358941231607
0.498206824072482
0.4974059677116391
0.49700865707467806
0.49633029210845747
0.49550043349584993
0.49663766482701566
0.4971540724005737
0.49685236478059785
0.49586219993693065
0.49690585479737664
0.4954563393481569
0.4946146988583301
0.49504259474773593
0.4936743276324165
0.49303392901305026
0.4913312424046501
0.49206546876575197
0.49040017915312134
0.4909139779763275
0.4915211397613335
0.4910962167208976
0.49131428430353596
0.4925995973520334
0.4925736913068958
0.4927954279927207
0.49237574547366364
0.4928030056026559
0.49429662548472647
0.494769938018952
0.494392015167833
0.4942183829701149
0.49489613315021275
0.49415668667890733
0.4948352251603053
0.4931422578698743
0.4926559512129747
0.4920476323216187
0.492240783403699
0.4924139767428284
0.4924110824066084
0.4931143233288967
0.49278756842333427
0.4924838299463831
0.49338753197865387
0.49390252077481056
0.4931063197940608
0.49286642216817794
0.4922877374450102
0.4931566860694149
0.49345845080555906
0.49471760532775105
0.49497116909667754
0.4951794173430973
0.4955312780628985
0.4945974657420125
0.49398703020576556
0.4936598734766298
0.4943838734158598
0.49362430443972544
0.49452780121002554
0.4942462011536409
0.495382830584434
0.4945884307193518
0.4953530255459775
0.4965414638124075
0.49694568108053055
0.49663029732522546
0.4974024621917226
0.4973104492557222
0.4968242853093847
0.4967818991169001
0.4967818726153815
0.4971977443630236
0.4971618099757292
0.4974619593377728
0.4975804221930079
0.498358788595468
0.4987086004709611
0.49942583077440666
0.49875225266104534
0.4986996871482049
0.4990127286270365
0.4994151989690887
0.49989175231780975
0.49959978427105667
0.49895284537943857
0.4996963824469308
0.4999456213293786
0.4998624808683358
0.5003195572638753
0.5004323040085669
0.5011844468284969
0.501902031523946
0.5013905712339403
0.5000542871315876
0.4990229990971345
0.5001649121629113
0.5003458624703901
0.4993809421233656
0.5002396300690402
0.5011844781590531
0.5008015996049116
0.5015386161457959
0.500874977720048
0.5024076141567558
0.5028001407285465
0.5015169178103015
0.5017978597990698
0.500934645312116
0.5007912290965639
0.5010744871669622
0.5002285335980029
0.5001117765896214
0.5009930730416101
0.5016916940211055
0.5001048393603272
0.5012683959616827
0.5003405285320565
0.5010814249341365
0.5011794931322279
0.5009142017789965
0.5008946236304967
0.5006192400875021
0.4995148379610612
0.5000822658989297
0.5000285193386015
0.5006484089320894
0.5016819223209086
0.502061770880222
0.5012427266283758
0.5010082114772951
0.5007663942110533
0.49981582063779745
0.49880611867748825
0.5000524000356922
0.5006309861166717
0.49919962226805475
0.4995323492648065
0.49990525105529476
0.4991678458831588
0.498335256761813
0.49943793173409895
0.49979671816819393
0.49900475380952986
0.4976504923365724
0.4979199765478252
0.497664656999182
0.4990275155414547
0.5002036496427004
0.501065001618087
0.4997487448996222
0.4996996740298838
0.49891169138059493
0.49935465804258766
0.4994660479821077
0.500288921723667
0.5005174700700092
0.5001100642423992
0.4996153722124095
0.49981002535982305
0.498239160382092
0.5009227578224584
0.5013386246730529
0.5014305451064003
0.500233081267898
0.49995369020354086
0.4994449206547374
0.49974508622738045
0.49895819413287884
0.49903924337323635
0.499394006664688
0.49988896112870235
0.4987129086102381
0.49679420136286495
0.49781252835917167
0.4986261065653884
0.4983775612591386
0.49965986664827455
0.5015828853647851
0.501809372437435
0.5019160899719352
0.5018981360969257
0.503188211553507
0.5023529846547067
0.5020099744399872
0.5019356944930713
0.5039498161293969
0.5059131153284024
0.5057099394755555
0.5056307707095439
0.5051151569456768
0.5049300129871067
0.5050215709032605
0.5054204490622817
0.5052558350164079
0.5047420416407794
0.5043032450419208
0.5060489627280538
0.5081340427113318
0.5084804493978187
0.5089386799416835
0.509219175379156
0.5085200233338244
0.5082035660865458
0.5081044495282758
0.5090081745900169
0.5085718499272742
0.5068302675911105
0.5056276581991755
0.5061517303656687
0.5056847919027121
0.5062671514737067
0.5055515731804746
0.5046027794563153
0.5044524472546202
0.5049824327568581
0.5043310138459894
0.504860088448773
0.5041515962898451
0.5035780400445374
0.5030471037712432
0.5035466345893298
0.5030061606332524
0.5029756254393075
0.5038028230276878
0.5035457114243652
0.5031542089279302
0.5029350932560399
0.503472163014009
0.5039487277707501
0.5033636784302346
0.5036644246023471
0.5025053118614212
0.5025372720834221
0.5032616550374356
0.5026975509270675
0.5035313585460495
0.5037371367912451
0.5035257370242371
0.50304687714188
0.5045184737929486
0.5044843708118569
0.5041770808033516
0.5043577126963878
0.5041450040530057
0.5049061864287984
0.5046057336295935
0.5059747761637278
0.5062259076715179
0.5062237976229959
0.5060226479082214
0.5059305107966828
0.5066094545399408
0.5076719437698334
0.5078507297281003
0.5092320077255171
0.509299197696166
0.5102821835161371
0.5101958075530224
0.5090492439977445
0.5095632125362167
0.5098847607498866
0.5112251379896225
0.5102018472767128
0.509357942649372
0.5088935611118892
0.5072866847252354
0.5061806189987135
0.5048873851095064
0.5049613764349672
0.5054252987896806
0.5071311843195371
403274
0.41345657576714423
0.4134690757671442
0.41345657576714423
0.4134690757671442
0.41345657576714423
0.41343935772025575
