0.03293436909960345
0.03324764897430491
0.03273652693526185
0.03335943932088983
0.03321147362834227
0.033619626671585204
0.034843304550498284
0.03328277173168374
0.03254199894183191
0.03249057115739208
0.03370700623252451
0.03341298850539305
0.032866607472941956
0.03347966047341498
0.03222359151840247
0.03280601926222278
0.032882246535335224
0.03221284005243525
0.03255675217160203
0.0328404165246813
0.032949207258467325
0.034478387233776484
0.03656019135256302
0.03545077106183693
0.03545891249257264
0.036210841620440956
0.03607837876951144
0.03772644778091863
0.03798517800491897
0.037720969777893625
0.03728099647445934
0.038987940958509326
0.03786051820904307
0.036639957792381835
0.037374576819065204
0.037311116959228785
0.03759731449543857
0.037464322514018315
0.03474621006946421
0.034399291250574476
0.0343978570582954
0.03400648191857561
0.03443595017748468
0.033618508257657644
0.0334841322510141
0.03302280888501326
0.03381636999485488
0.03541016979500067
0.0348843199894122
0.03489932592465103
0.035310369805495206
0.0354733280473514
0.03496822886327878
0.03482894535973822
0.03476271552692785
0.03419799349407869
0.03497714025202484
0.036171242710603624
0.03653241287644597
0.0361559619823348
0.036670820519139224
0.03604296281146074
0.03577378128209276
0.034985114569871086
0.03443859288692176
0.034359360147131965
0.03397315161797298
0.03467685423246937
0.034872236724146556
0.03598043053082098
0.03680007965220536
0.03668136596289604
0.03700967820224053
0.03683613287417345
0.037210128289518356
0.03644168170554254
0.03655137682261497
0.03660414467792279
0.03599862032711628
0.03599990214789397
0.03705656108183862
0.03719534175953381
0.036673555399897244
0.036218193679733
0.035217687672827104
0.035290569868617006
0.03451151267097904
0.034367371132448137
0.03326963400243638
0.033265360305669574
0.032160982888301326
0.032299441554302866
0.032152442050337224
0.031437460089004526
0.03230311104293841
0.03155262628128637
0.03174845538066854
0.032026889810017715
0.03348641302031495
0.032837832706945125
0.03445928205119516
0.035402477914116846
0.03471197614967804
0.035933407652937635
0.03475593952179963
0.0339826981468795
0.03374434207879914
0.03200672683708287
0.03172835166326335
0.030878757597547477
0.032686511322163075
0.034021301219599724
0.03294023644701573
0.032930345356997966
0.032437695202351575
0.0345748019240867
0.03398516750839633
0.03451216890698982
0.03444445075709554
0.03576775113837803
0.03650706975416307
0.03643558618798122
0.03668297223665277
0.03764606444971343
0.03674856094064493
0.035273843445481366
0.036440006710741116
0.03604160912528952
0.035502705951122204
0.035093123901980994
0.03547126623521291
0.034480310598280106
0.03417343852429366
0.033013849172615975
0.03164355270617502
0.03070806897014132
0.03155965516041367
0.03133342971805358
0.03184711955747598
0.031877005823920876
0.03231304603143976
0.03324559820821903
0.03458993150066867
0.03324169450547656
0.03335582374694457
0.03385722750374316
0.03455156120639083
0.03458014980532549
0.03417764933646281
0.03465226185761755
0.034267428451476165
0.03403884872399018
0.03374460693433489
0.03429046787444922
0.033505964146680556
0.03406602892690316
0.03489905885490111
0.035322825615210704
0.037363924518319165
0.036455941568480664
0.03624723650240746
0.03665946337552934
0.03643749584007755
0.03555636208638252
0.03679181000602188
0.0367836898832203
0.036982855647967355
0.03684041576664148
0.03761986039923332
0.036633676824272925
0.03653888995752634
0.037003204942646424
0.0361342065890701
0.036112298632929044
0.03477658081793086
0.0352303334783491
0.034851214441626595
0.03375869427049614
0.033683960024819014
0.03425148020067827
0.03429964791788985
0.03424467622188002
0.033985843430255576
0.034518065481628446
0.03466046548889319
0.03472215707021308
0.03506009091276015
0.0353693455219173
0.03550641423557942
0.0356300918762947
0.03658873329280705
0.03489126162618842
0.0351571606168077
0.034863722357086444
0.03440407090719509
0.03392413309496309
0.0336909249981366
0.03420815313751984
0.03587551684235741
0.03511722491748126
0.034953909813065245
0.035338965220181755
0.03630402183870588
0.03807516195653459
0.03726551112846651
0.038164425407063225
0.03748950549929649
0.03793748132082638
0.038793313582385636
0.03829816884320487
0.03924248145088178
0.03932644659800284
0.03932465101891454
0.03861108256708017
0.03903148020382811
0.03964001410725799
0.04069927265213681
0.04054637556958078
0.040547582051630775
0.04066685362022322
0.04059643490764159
0.039822063649660545
0.0401040192972475
0.04008048911641062
0.038896440454449364
0.03756144546899862
0.037467147635964565
0.038145129137939944
0.03963922144203917
0.0388887585401628
0.03782556661929592
0.03861540747952207
0.0398501484852079
0.03917031932296449
0.039891755832144674
0.039656099188508036
0.040145966332179046
0.04011950602337302
0.04129129409079114
0.04127435739920576
0.041661713765064834
0.04178402982970855
0.0409491852593586
0.040422800479817805
0.04018297878157186
0.04009425921309239
0.04035686139542694
0.04013961231063879
0.03919077533134536
0.03738191653199057
0.036463847259276615
0.03763805273650509
0.03723053402672077
0.038883581593622624
0.03862232278007819
0.03921736037917593
0.03998819723419655
0.0397234088787064
0.038947078586309504
0.03927089940977759
0.0392450624636857
0.03965504868496088
0.0395779978615556
0.037972513975692415
0.038321584730195285
0.03910229788960156
0.03876904771226221
0.03823934182489257
0.03871033519441726
0.03877507930630186
0.039607230825372625
0.03860897113384436
0.03859014998266717
0.036661750265496604
0.036868942153547656
0.036654320080962616
0.03603348553629419
0.034767587980270534
0.0341966824374891
0.034321844789916615
0.03360021134918858
0.034369427066841596
0.034165839442511725
0.03304872426988195
0.03239870260708397
0.030682783237699643
0.030984293798687015
0.031106076444487173
0.031684521045895475
0.032205072223831274
0.03339342813717935
0.032889930730222054
0.03269428657138828
0.032194361554362526
0.03206904764017079
0.03370773982527688
0.03422825555531981
0.03493446331473786
0.034583516996311715
0.03328741151433678
0.0334214729946649
0.03521571970337541
0.03450080727214038
0.03345552806378114
0.03349237402323455
0.03341406550051938
0.03365171211679671
0.03448425518977502
0.03465843874860312
0.034976549969172196
0.03577833376884283
0.034560471324792556
0.035266682418347683
0.033929672816406485
0.03401474978632919
0.034184565071518624
0.03429878987467227
0.033841676650384137
0.03287824347701007
0.03442972403089876
0.03452824808797161
0.03605934567476826
0.03441510669439217
0.0362084919526044
0.03681379154340587
0.03577764552450475
0.036067526078140226
0.03620429589500594
0.03715679566483426
0.03677373835877443
0.037161639872383405
0.03831723727349846
0.038012446927350736
0.037776769425635806
0.03762126432418591
0.037808443741667704
0.038785173279072806
0.03799949026258269
0.037154906428375295
0.038382317589744294
0.03824123775521594
0.0381386902253062
0.03875909537668561
0.03917502899271401
0.03857610773686409
0.03790091172051345
0.038109670234127486
0.03857337808635478
0.038075968810503735
0.03784154301253252
0.038422699067144024
0.03811376266174859
0.03719754692156791
0.03665850706252754
0.036892469091121545
0.036117662816415506
0.03688590087978233
0.0363737239412769
0.03657197693995654
0.03573901314990804
0.03553202062878624
0.03580035565597148
0.03586342718886252
0.03560857267354516
0.03647066916907476
0.03769585888365759
0.03762144430081056
0.03822512455274205
0.03864145089879418
0.03912010795955766
0.039905404176839965
0.03871423337621369
0.03769625324394423
0.037743816798839265
0.036069424125705296
0.03597724378069207
0.03518739868246528
0.03554071347128743
0.03524066068367597
0.03554396722050639
0.03440280645135109
0.03446676402786363
0.03527501157815785
0.03526563674968677
0.035894943919479554
0.03666804994333294
0.0359636564938527
0.0366568482445763
0.03565539917025745
0.035718522692800146
0.03642016183776738
0.035086099283551775
0.035075093951927795
0.034545616387821214
0.03372773353757233
0.03391422426849855
0.03279837696021751
0.03249786371998584
0.03334994469091059
0.03289747519670507
0.03395173027112419
0.033332764451963356
0.03166999474174099
0.0323701931797783
0.03230108712735552
0.03238546275171553
0.03318255444838814
0.03431123353137478
0.033294340229375975
0.032267952353684674
0.03305646844305168
0.03375808900232643
0.033562360345586226
0.03406678223018433
0.03398921937870773
0.03376702452866932
0.03230362483167773
0.03389642188206309
0.03361855659372594
0.032652510850154
0.032364130890929314
0.032852357355261576
0.03294373829611232
0.034389173227855695
0.03355250302137501
0.03327521599907795
0.03354992004546731
0.03328380440593034
0.03220884779800255
0.0329770753862781
0.03295643925862682
0.03279115924022059
0.03298597384708235
0.033375239650695346
0.032406406789859454
0.03249035802856012
0.0322357790482376
0.030727769744391523
0.031113847920638
0.031608914340482346
0.03108065480757925
0.031631082384881916
0.031361063456689105
0.03195236737114797
0.03231483248438386
0.03165305595928109
0.03205734158992021
0.03300329256784082
0.032481408074896835
0.0332355211960788
0.03399953085634797
0.03396446136820806
0.03470881118199868
0.034562228610158875
0.034620730231067744
0.03474178134773057
0.03380027923550578
0.031987548115914484
0.03234413180874379
0.03250402203724741
0.03288124587241017
0.032743747528624675
0.033077194516539565
0.03244447153823724
0.03167014749419783
0.030637202885667812
0.030716637801718176
0.03246680189009434
0.033046156480325946
0.03320329323879696
0.032993635783006084
0.03484158869454239
0.0352368102105584
0.035749000808191066
0.03517983156446639
0.03488416763458851
0.034716733249396454
0.03526246163956405
0.03522988205203736
0.0351669646505713
0.03505277793538073
0.034579990639854175
0.0342074070473993
0.0335485281267397
0.03396329374022756
0.034756103047382234
0.03318228387546982
0.033953347218860716
0.03582929206731507
0.03560728381156706
0.03547367229730082
0.036487933792882545
0.036239874451261304
0.03557859421529685
0.033912739798152444
0.03390215624727835
0.03334844868109434
0.034250365964751645
0.03362022781161187
0.03302923547483199
