0.146
0.139
0.168
0.161
0.166
0.152
0.158
0.157
0.159
0.161
0.164
0.155
0.174
0.164
0.173
0.15
0.177
0.205
0.224
0.223
0.217
0.238
0.241
0.185
0.201
0.196
0.216
0.209
0.213
0.23
0.214
0.202
0.238
0.217
0.256
0.223
0.237
0.222
0.218
0.222
0.227
0.21
0.23
0.214
0.205
0.219
0.18
0.218
0.204
0.221
0.211
0.208
0.234
0.24
0.214
0.241
0.212
0.235
0.241
0.253
0.204
0.217
0.224
0.231
0.29
0.237
0.248
0.223
0.224
0.226
0.26
0.216
0.229
0.226
0.197
0.222
0.222
0.211
0.203
0.194
0.202
0.195
0.147
0.2
0.218
0.184
0.173
0.185
0.162
0.171
0.142
0.177
0.158
0.154
0.156
0.154
0.146
0.131
0.12
0.133
